input [65039] bounds (0.0, 0.0, 0.0, 0.0)
LastResort [65535] [(0.0, 0.0)] runImage (0.0, 0.0, 0.0, 0.0)
input [8205] bounds (0.0, 0.0, 0.0, 0.0)
.SFNS-Regular [17] [(0.0, 0.0)] runImage (0.0, 0.0, 0.0, 0.0)
input [888] bounds (2.001953125, -1.953125, 17.98828125, 17.978515625)
LastResort [4] [(22.001953125, 0.0)] runImage (2.001953125, -1.953125, 17.98828125, 17.978515625)
input [33883, 917760] bounds (0.8270676691729323, -1.9172932330827066, 16.74812030075188, 17.349624060150376)
.PingFangUIDisplaySC-Regular [3817] [(19.154135338345863, 0.0)] runImage (0.8270676691729323, -1.9172932330827066, 16.74812030075188, 17.349624060150376)
input [33883, 917999] bounds (0.8270676691729323, -1.9172932330827066, 16.74812030075188, 17.349624060150376)
.PingFangUIDisplaySC-Regular [3817] [(19.154135338345863, 0.0)] runImage (0.8270676691729323, -1.9172932330827066, 16.74812030075188, 17.349624060150376)
input [97, 65039] bounds (0.888671875, -0.1953125, 8.505859375, 10.830078125)
.SFNS-Regular [588] [(10.350532531738281, 0.0)] runImage (0.888671875, -0.1953125, 8.505859375, 10.830078125)
input [10084, 65039] bounds (1.21, -3.5, 22.0, 22.0)
.AppleColorEmojiUI [338] [(25.0, 0.0)] runImage (1.21, -3.5, 22.0, 22.0)
